The iteration is Standard
The den is looseid
The den is gentrack
Will run scenario  mc
The sample is mc_all
The binning is pt_eta
Will use the standard fit functions for the backgroud
Sample mc_all
mibchi
den is gentrack dic genTracks
num is looseid dic LooseID
par is pt_eta
debug5
LooseCutid
('NUM_LooseID_DEN_genTracks_PAR_pt_eta', cms.PSet(

))
den is gentrack
 ==== MM ====: Split Mode 0
 ==== MM ====: Not in Split Mode 
 ==== MM ====: Not in Split Mode 1.09272e+06
 ==== MM ====: Expression VAR CutBasedIdLoose==1  CutBasedIdLoose
Fitting bin:  abseta_bin0__pt_bin0__CBPlusExpo
[#0] ERROR:InputArguments -- RooDataSet::moment(data) WARNING: empty dataset
[#0] ERROR:InputArguments -- RooDataSet::moment(data) WARNING: empty dataset
[#0] ERROR:InputArguments -- RooDataSet::moment(data) WARNING: empty dataset
[#0] ERROR:InputArguments -- RooDataSet::moment(data) WARNING: empty dataset
[#0] ERROR:InputArguments -- RooDataSet::moment(data) WARNING: empty dataset
[#0] ERROR:InputArguments -- RooDataSet::moment(data) WARNING: empty dataset
[#0] ERROR:InputArguments -- RooDataSet::moment(data) WARNING: empty dataset
[#0] ERROR:InputArguments -- RooDataSet::moment(data) WARNING: empty dataset
[#0] ERROR:InputArguments -- RooDataSet::moment(data) WARNING: empty dataset
[#0] ERROR:InputArguments -- RooDataSet::moment(data) WARNING: empty dataset
[#0] ERROR:InputArguments -- RooDataSet::moment(data) WARNING: empty dataset
[#0] ERROR:InputArguments -- RooDataSet::moment(data) WARNING: empty dataset
[#0] ERROR:InputArguments -- RooDataSet::moment(data) WARNING: empty dataset
[#0] ERROR:InputArguments -- RooDataSet::moment(data) WARNING: empty dataset
[#0] ERROR:InputArguments -- RooDataSet::moment(data) WARNING: empty dataset
[#0] ERROR:InputArguments -- RooDataSet::moment(data) WARNING: empty dataset
[#0] ERROR:InputArguments -- RooDataSet::moment(data) WARNING: empty dataset
[#0] ERROR:InputArguments -- RooDataSet::moment(data) WARNING: empty dataset
[#0] ERROR:InputArguments -- RooDataSet::moment(data) WARNING: empty dataset
[#0] ERROR:InputArguments -- RooDataSet::moment(data) WARNING: empty dataset
[#0] ERROR:InputArguments -- RooDataSet::moment(data) WARNING: empty dataset
[#0] ERROR:InputArguments -- RooDataSet::moment(data) WARNING: empty dataset
[#0] ERROR:InputArguments -- RooDataSet::moment(data) WARNING: empty dataset
[#0] ERROR:InputArguments -- RooDataSet::moment(data) WARNING: empty dataset
[#0] ERROR:InputArguments -- RooDataSet::moment(data) WARNING: empty dataset
[#0] ERROR:InputArguments -- RooDataSet::moment(data) WARNING: empty dataset
[#0] ERROR:InputArguments -- RooDataSet::moment(data) WARNING: empty dataset
[#0] ERROR:InputArguments -- RooDataSet::moment(data) WARNING: empty dataset
[#0] ERROR:InputArguments -- RooDataSet::moment(data) WARNING: empty dataset
[#0] ERROR:InputArguments -- RooDataSet::moment(data) WARNING: empty dataset
[#0] ERROR:InputArguments -- RooDataSet::moment(data) WARNING: empty dataset
[#0] ERROR:InputArguments -- RooDataSet::moment(data) WARNING: empty dataset
[#0] ERROR:InputArguments -- RooDataSet::moment(data) WARNING: empty dataset
[#0] ERROR:InputArguments -- RooDataSet::moment(data) WARNING: empty dataset
[#0] ERROR:InputArguments -- RooDataSet::moment(data) WARNING: empty dataset
[#0] ERROR:InputArguments -- RooDataSet::moment(data) WARNING: empty dataset
[#0] ERROR:InputArguments -- RooDataSet::moment(data) WARNING: empty dataset
[#0] ERROR:InputArguments -- RooDataSet::moment(data) WARNING: empty dataset
[#0] ERROR:InputArguments -- RooDataSet::moment(data) WARNING: empty dataset
[#0] ERROR:InputArguments -- RooDataSet::moment(data) WARNING: empty dataset
[#0] ERROR:InputArguments -- RooDataSet::moment(data) WARNING: empty dataset
[#0] ERROR:InputArguments -- RooDataSet::moment(data) WARNING: empty dataset
[#0] ERROR:InputArguments -- RooDataSet::moment(data) WARNING: empty dataset
[#0] ERROR:InputArguments -- RooDataSet::moment(data) WARNING: empty dataset
[#0] ERROR:InputArguments -- RooDataSet::moment(data) WARNING: empty dataset
[#0] ERROR:InputArguments -- RooDataSet::moment(data) WARNING: empty dataset
[#0] ERROR:InputArguments -- RooDataSet::moment(data) WARNING: empty dataset
[#0] ERROR:InputArguments -- RooDataSet::moment(data) WARNING: empty dataset
Fitting bin:  abseta_bin1__pt_bin0__CBPlusExpo
 **********
 **    9 **SET STR           1
 **********
 NOW USING STRATEGY  1: TRY TO BALANCE SPEED AGAINST RELIABILITY
Minuit2Minimizer: Minimize with max-calls 5000 convergence for edm < 1 strategy 1
Minuit2Minimizer : Valid minimum - status = 0
FVAL  = -3.77241339110809193
Edm   = 0
Nfcn  = 1
alpha	  = 3.90024	 +/-  0.389266	(limited)
effBkg	  = 0.797198	 +/-  0.068892	(limited)
efficiency	  = 0.797198	 +/-  0.068892	(limited)
fSigAll	  = 0.797198	 +/-  0.068892	(limited)
lf	  = 2	 +/-  0.916515	(limited)
lp	  = 1.9	 +/-  0.924986	(limited)
mean	  = 3.102	 +/-  0.019996	(limited)
n	  = 1.93118	 +/-  0.660995	(limited)
numTot	  = 8.86509	 +/-  2.78314	(limited)
sigma	  = 0.0419222	 +/-  0.00464212	(limited)
 **********
 **   14 **MIGRAD        5000           1
 **********
 FIRST CALL TO USER FUNCTION AT NEW START POINT, WITH IFLAG=4.
 START MIGRAD MINIMIZATION.  STRATEGY  1.  CONVERGENCE WHEN EDM .LT. 1.00e-03
 FCN=-3.77241 FROM MIGRAD    STATUS=INITIATE       40 CALLS          41 TOTAL
                     EDM= unknown      STRATEGY= 1      NO ERROR MATRIX       
  EXT PARAMETER               CURRENT GUESS       STEP         FIRST   
  NO.   NAME      VALUE            ERROR          SIZE      DERIVATIVE 
   1  alpha        3.90024e+00   3.89266e-01   2.04262e-01  -1.21606e-03
   2  effBkg       7.97198e-01   6.88920e-02   1.73667e-01   4.23261e+00
   3  efficiency   7.97198e-01   6.88920e-02   1.73667e-01   9.86009e+00
   4  fSigAll      7.97198e-01   6.88920e-02   1.73667e-01   1.16001e+00
   5  lf           2.00000e+00   9.16515e-01   2.02180e-01  -8.65537e-01
   6  lp           1.90000e+00   9.24986e-01   2.02085e-01   4.38110e-05
   7  mean         3.10200e+00   1.99960e-02   2.01360e-01   1.03797e+00
   8  n            1.93118e+00   6.60995e-01   5.01677e-02  -6.50782e-04
   9  numTot       8.86509e+00   2.78314e+00   2.17718e-01  -5.96793e-07
  10  sigma        4.19222e-02   4.64212e-03   2.35417e-01   1.91731e-01
                               ERR DEF= 0.5
 MIGRAD MINIMIZATION HAS CONVERGED.
 MIGRAD WILL VERIFY CONVERGENCE AND ERROR MATRIX.
 COVARIANCE MATRIX CALCULATED SUCCESSFULLY
 FCN=-13.1981 FROM MIGRAD    STATUS=CONVERGED     255 CALLS         256 TOTAL
                     EDM=5.64932e-05    STRATEGY= 1      ERROR MATRIX ACCURATE 
  EXT PARAMETER                                   STEP         FIRST   
  NO.   NAME      VALUE            ERROR          SIZE      DERIVATIVE 
   1  alpha        4.30260e+00   3.80256e+00   8.74496e-02  -8.07694e-05
   2  effBkg       1.13291e-06   6.21100e-01   2.60851e-03   2.05109e-03
   3  efficiency   2.33646e-01   1.74096e-01   1.06395e-03   6.18567e-03
   4  fSigAll      6.77962e-01   2.03743e-01   1.10905e-03   8.09950e-03
   5  lf           4.99987e+00   7.18347e+00   3.68229e-03  -3.43455e-03
   6  lp           1.89077e+00   7.74219e+00   5.00000e-01  -1.57963e-10
   7  mean         3.09461e+00   1.65977e-02   4.17142e-04   3.81748e-03
   8  n            6.46102e+00   8.51541e+01   1.61214e-01  -2.98281e-05
   9  numTot       8.86509e+00   2.95120e+00   5.88418e-04   1.88298e-06
  10  sigma        3.49126e-02   1.16528e-02   1.57471e-03  -6.03490e-04
                               ERR DEF= 0.5
 EXTERNAL ERROR MATRIX.    NDIM=  25    NPAR= 10    ERR DEF=0.5
  4.080e+03 -2.839e-08 -4.633e-04  1.340e-03  2.326e-06  6.289e-02  6.694e-05 -3.428e+04  2.318e-08 -4.508e-04 
 -2.839e-08  1.205e-06 -3.105e-07  1.877e-08  2.579e-10 -1.540e+00 -9.031e-09 -1.366e-06  2.692e-12  6.879e-09 
 -4.633e-04 -3.105e-07  3.219e-02 -6.846e-03 -6.871e-06  4.914e-01 -9.164e-05  1.670e-02  1.289e-10 -2.055e-04 
  1.340e-03  1.877e-08 -6.846e-03  4.445e-02  1.989e-05  1.345e-01  2.658e-04 -4.840e-02  2.189e-11  5.954e-04 
  2.326e-06  2.579e-10 -6.871e-06  1.989e-05  2.595e-03 -2.867e-04 -5.593e-07 -4.857e-06 -4.118e-11  1.861e-07 
  6.289e-02 -1.540e+00  4.914e-01  1.345e-01 -2.867e-04  8.191e+07  1.822e-02  2.004e+00 -3.440e-06 -7.133e-03 
  6.694e-05 -9.031e-09 -9.164e-05  2.658e-04 -5.593e-07  1.822e-02  2.781e-04  1.560e-03  1.636e-11  4.373e-05 
 -3.428e+04 -1.366e-06  1.670e-02 -4.840e-02 -4.857e-06  2.004e+00  1.560e-03  3.238e+06  2.909e-06 -2.334e-02 
  2.318e-08  2.692e-12  1.289e-10  2.189e-11 -4.118e-11 -3.440e-06  1.636e-11  2.909e-06  8.865e+00  1.184e-11 
 -4.508e-04  6.879e-09 -2.055e-04  5.954e-04  1.861e-07 -7.133e-03  4.373e-05 -2.334e-02  1.184e-11  1.564e-04 
 PARAMETER  CORRELATION COEFFICIENTS  
       NO.  GLOBAL      1      2      3      4      5      6      7      8      9     10
        1  0.29824   1.000 -0.000 -0.000  0.000  0.000  0.000  0.000 -0.298  0.000 -0.001
        2  0.15499  -0.000  1.000 -0.002  0.000  0.000 -0.155 -0.000 -0.000  0.000  0.001
        3  0.18846  -0.000 -0.002  1.000 -0.181 -0.001  0.000 -0.031  0.000  0.000 -0.092
        4  0.27866   0.000  0.000 -0.181  1.000  0.002  0.000  0.076 -0.000  0.000  0.226
        5  0.00206   0.000  0.000 -0.001  0.002  1.000 -0.000 -0.001 -0.000 -0.000  0.000
        6  0.15498   0.000 -0.155  0.000  0.000 -0.000  1.000  0.000  0.000 -0.000 -0.000
        7  0.21179   0.000 -0.000 -0.031  0.076 -0.001  0.000  1.000  0.000  0.000  0.210
        8  0.29824  -0.298 -0.000  0.000 -0.000 -0.000  0.000  0.000  1.000  0.000 -0.001
        9  0.00000   0.000  0.000  0.000  0.000 -0.000 -0.000  0.000  0.000  1.000  0.000
       10  0.30106  -0.001  0.001 -0.092  0.226  0.000 -0.000  0.210 -0.001  0.000  1.000
Real time 0:00:00, CP time 0.000
Real time 0:00:00, CP time 0.040, 2 slices
 **********
 **   19 **HESSE        5000
 **********
 COVARIANCE MATRIX CALCULATED SUCCESSFULLY
 FCN=-13.1981 FROM HESSE     STATUS=OK             94 CALLS         350 TOTAL
                     EDM=5.59475e-05    STRATEGY= 1      ERROR MATRIX ACCURATE 
  EXT PARAMETER                                INTERNAL      INTERNAL  
  NO.   NAME      VALUE            ERROR       STEP SIZE       VALUE   
   1  alpha        4.30260e+00   3.31630e+00   3.49798e-03   7.61550e-01
   2  effBkg       1.13291e-06   6.19714e-01   5.21702e-04  -1.56867e+00
   3  efficiency   2.33646e-01   1.74095e-01   2.12789e-04  -5.61798e-01
   4  fSigAll      6.77962e-01   2.03743e-01   2.21811e-04   3.63902e-01
   5  lf           4.99987e+00   7.18348e+00   7.36458e-04   1.56371e+00
   6  lp           1.89077e+00   8.15401e+00   5.00000e-01   3.87801e-01
   7  mean         3.09461e+00   1.65962e-02   8.34285e-05  -5.39051e-02
   8  n            6.46102e+00   9.54236e+01   5.00000e-01  -1.06061e+00
   9  numTot       8.86509e+00   2.95120e+00   2.35367e-05  -3.68930e-01
  10  sigma        3.49126e-02   1.16520e-02   3.14941e-04  -2.57196e-01
                               ERR DEF= 0.5
 EXTERNAL ERROR MATRIX.    NDIM=  25    NPAR= 10    ERR DEF=0.5
  3.976e+03 -3.634e-08 -6.041e-04  1.749e-03  4.408e-06  1.303e-01  1.177e-04 -8.982e+03 -3.620e-05 -8.676e-04 
 -3.634e-08  1.190e-06 -2.136e-07  1.280e-08  2.271e-10 -1.058e+00 -6.212e-09 -1.159e-07 -3.088e-10  4.729e-09 
 -6.041e-04 -2.136e-07  3.219e-02 -6.845e-03 -8.798e-06  2.847e-01 -9.170e-05  3.318e-03  1.730e-09 -2.055e-04 
  1.749e-03  1.280e-08 -6.845e-03  4.445e-02  2.548e-05  1.473e-01  2.657e-04 -9.611e-03 -1.715e-08  5.955e-04 
  4.408e-06  2.271e-10 -8.798e-06  2.548e-05  2.595e-03 -1.546e-04 -7.150e-07 -5.288e-06 -1.079e-11  2.396e-07 
  1.303e-01 -1.058e+00  2.847e-01  1.473e-01 -1.546e-04  8.088e+07  1.222e-02 -2.839e-02 -1.512e-03 -2.548e-03 
  1.177e-04 -6.212e-09 -9.170e-05  2.657e-04 -7.150e-07  1.222e-02  2.780e-04  1.388e-04  2.383e-10  4.363e-05 
 -8.982e+03 -1.159e-07  3.318e-03 -9.611e-03 -5.288e-06 -2.839e-02  1.388e-04  1.033e+06  9.032e-05 -2.899e-03 
 -3.620e-05 -3.088e-10  1.730e-09 -1.715e-08 -1.079e-11 -1.512e-03  2.383e-10  9.032e-05  8.865e+00  1.037e-09 
 -8.676e-04  4.729e-09 -2.055e-04  5.955e-04  2.396e-07 -2.548e-03  4.363e-05 -2.899e-03  1.037e-09  1.564e-04 
 PARAMETER  CORRELATION COEFFICIENTS  
       NO.  GLOBAL      1      2      3      4      5      6      7      8      9     10
        1  0.14013   1.000 -0.000 -0.000  0.000  0.000  0.000  0.000 -0.140 -0.000 -0.001
        2  0.10788  -0.000  1.000 -0.001  0.000  0.000 -0.108 -0.000 -0.000 -0.000  0.000
        3  0.18842  -0.000 -0.001  1.000 -0.181 -0.001  0.000 -0.031  0.000  0.000 -0.092
        4  0.27866   0.000  0.000 -0.181  1.000  0.002  0.000  0.076 -0.000 -0.000  0.226
        5  0.00264   0.000  0.000 -0.001  0.002  1.000 -0.000 -0.001 -0.000 -0.000  0.000
        6  0.10788   0.000 -0.108  0.000  0.000 -0.000  1.000  0.000 -0.000 -0.000 -0.000
        7  0.21138   0.000 -0.000 -0.031  0.076 -0.001  0.000  1.000  0.000  0.000  0.209
        8  0.14012  -0.140 -0.000  0.000 -0.000 -0.000 -0.000  0.000  1.000  0.000 -0.000
        9  0.00000  -0.000 -0.000  0.000 -0.000 -0.000 -0.000  0.000  0.000  1.000  0.000
       10  0.30082  -0.001  0.000 -0.092  0.226  0.000 -0.000  0.209 -0.000  0.000  1.000
Real time 0:00:00, CP time 0.010
Real time 0:00:00, CP time 0.050, 3 slices
[#0] WARNING:InputArguments -- RooAbsPdf::fitTo(simPdf) WARNING: a likelihood fit is request of what appears to be weighted data. 
       While the estimated values of the parameters will always be calculated taking the weights into account, 
       there are multiple ways to estimate the errors on these parameter values. You are advised to make an 
       explicit choice on the error calculation: 
           - Either provide SumW2Error(kTRUE), to calculate a sum-of-weights corrected HESSE error matrix 
             (error will be proportional to the number of events)
           - Or provide SumW2Error(kFALSE), to return errors from original HESSE error matrix
             (which will be proportional to the sum of the weights)
       If you want the errors to reflect the information contained in the provided dataset, choose kTRUE. 
       If you want the errors to reflect the precision you would be able to obtain with an unweighted dataset 
       with 'sum-of-weights' events, choose kFALSE.
 **********
 **    1 **SET PRINT           1
 **********
 **********
 **    2 **SET NOGRAD
 **********
 PARAMETER DEFINITIONS:
    NO.   NAME         VALUE      STEP SIZE      LIMITS
     1 alpha        4.30260e+00  3.31630e+00    5.00000e-01  5.00000e+00
 MINUIT WARNING IN PARAMETR
 ============== VARIABLE1 BROUGHT BACK INSIDE LIMITS.
     2 effBkg       1.13291e-06  6.19714e-01    0.00000e+00  1.00000e+00
 MINUIT WARNING IN PARAMETR
 ============== VARIABLE2 BROUGHT BACK INSIDE LIMITS.
     3 efficiency   2.33646e-01  1.74095e-01    0.00000e+00  1.00000e+00
     4 fSigAll      6.77962e-01  2.03743e-01    0.00000e+00  1.00000e+00
     5 lf           4.99987e+00  7.18348e+00   -5.00000e+00  5.00000e+00
 MINUIT WARNING IN PARAMETR
 ============== VARIABLE5 BROUGHT BACK INSIDE LIMITS.
     6 lp           1.89077e+00  8.15401e+00   -5.00000e+00  5.00000e+00
 MINUIT WARNING IN PARAMETR
 ============== VARIABLE6 BROUGHT BACK INSIDE LIMITS.
 MINUIT WARNING IN PARAMETR
 ============== VARIABLE6 BROUGHT BACK INSIDE LIMITS.
     7 mean         3.09461e+00  1.65962e-02    3.00000e+00  3.20000e+00
     8 n            6.46102e+00  9.54236e+01    1.00000e-01  1.00000e+02
 MINUIT WARNING IN PARAMETR
 ============== VARIABLE8 BROUGHT BACK INSIDE LIMITS.
 MINUIT WARNING IN PARAMETR
 ============== VARIABLE8 BROUGHT BACK INSIDE LIMITS.
     9 numTot       8.86509e+00  2.95120e+00    0.00000e+00  2.77302e+01
    10 sigma        3.49126e-02  1.16520e-02    2.00000e-02  6.00000e-02
 **********
 **    3 **SET ERR         0.5
 **********
 **********
 **    4 **SET PRINT           1
 **********
 **********
 **    5 **SET STR           2
 **********
 NOW USING STRATEGY  2: MAKE SURE MINIMUM TRUE, ERRORS CORRECT  
 **********
 **    6 **MIGRAD        5000           1
 **********
 FIRST CALL TO USER FUNCTION AT NEW START POINT, WITH IFLAG=4.
 START MIGRAD MINIMIZATION.  STRATEGY  2.  CONVERGENCE WHEN EDM .LT. 1.00e-03
 EIGENVALUES OF SECOND-DERIVATIVE MATRIX:
        -1.1343e+00  6.4665e-01  9.2026e-01  9.8228e-01  1.0000e+00  1.0021e+00  1.0177e+00  1.1401e+00  1.2909e+00  3.1343e+00
 MINUIT WARNING IN HESSE   
 ============== MATRIX FORCED POS-DEF BY ADDING 1.137462 TO DIAGONAL.
 FCN=-13.1981 FROM HESSE     STATUS=NOT POSDEF    126 CALLS         127 TOTAL
                     EDM=0.00034972    STRATEGY= 2      ERR MATRIX NOT POS-DEF
  EXT PARAMETER                APPROXIMATE        STEP         FIRST   
  NO.   NAME      VALUE            ERROR          SIZE      DERIVATIVE 
   1  alpha        4.30260e+00   3.17702e+00   5.00000e-01  -8.08069e-05
   2  effBkg       1.13291e-06   5.11058e-01   9.05311e-02   2.05109e-03
   3  efficiency   2.33646e-01   1.21114e-01   3.40483e-02   6.18569e-03
   4  fSigAll      6.77962e-01   1.37533e-01   3.54338e-02   8.09949e-03
   5  lf           4.99987e+00   2.21918e+00   1.17350e-01  -3.43456e-03
   6  lp           1.89077e+00   6.74190e+00   5.00000e-01  -1.31006e-10
   7  mean         3.09461e+00   1.12066e-02   1.33492e-02   3.81749e-03
   8  n            6.46102e+00   9.29072e+01   5.00000e-01  -2.98674e-05
   9  numTot       8.86509e+00   2.02806e+00   1.88284e-02   1.88444e-06
  10  sigma        3.49126e-02   8.00648e-03   5.04315e-02  -6.03453e-04
                               ERR DEF= 0.5
 MIGRAD MINIMIZATION HAS CONVERGED.
 MIGRAD WILL VERIFY CONVERGENCE AND ERROR MATRIX.
 MINUIT WARNING IN HESSE   
 ============== Negative diagonal element 6 in Error Matrix
 MINUIT WARNING IN HESSE   
 ============== 1 added to diagonal of error matrix
 COVARIANCE MATRIX CALCULATED SUCCESSFULLY
 FCN=-13.1981 FROM MIGRAD    STATUS=CONVERGED     241 CALLS         242 TOTAL
                     EDM=2.25669e-05    STRATEGY= 2      ERROR MATRIX ACCURATE 
  EXT PARAMETER                                   STEP         FIRST   
  NO.   NAME      VALUE            ERROR          SIZE      DERIVATIVE 
   1  alpha        4.30275e+00   1.36989e+00   5.02996e-02  -8.07565e-05
   2  effBkg       2.19306e-10   1.15266e-01   2.60269e-03** at limit **
   3  efficiency   2.33648e-01   1.60527e-01   1.06412e-03   6.21141e-03
   4  fSigAll      6.77960e-01   1.85336e-01   1.10737e-03   8.08575e-03
   5  lf           4.99988e+00   1.59168e+00   3.66549e-03  -3.42382e-03
   6  lp          -4.86041e+00   2.23432e+00   8.00000e-03   1.55431e-11
   7  mean         3.09461e+00   1.62646e-02   4.17143e-04   3.85946e-03
   8  n            6.46472e+00   2.05299e+01   1.88313e-01  -2.97829e-05
   9  numTot       8.86509e+00   2.87724e+00   1.66424e-04   1.88004e-06
  10  sigma        3.49125e-02   9.95892e-03   1.57591e-03  -6.11266e-04
                               ERR DEF= 0.5
 EXTERNAL ERROR MATRIX.    NDIM=  25    NPAR= 10    ERR DEF=0.5
  2.650e+00 -3.276e-14 -3.786e-07  1.148e-06  6.478e-10  1.146e-13  1.076e-07 -4.869e-03 -1.001e-13 -3.854e-07 
 -3.276e-14  1.053e-10 -5.018e-10  1.698e-10  1.981e-13 -3.642e-10 -1.411e-11 -4.131e-13 -1.898e-14  1.206e-11 
 -3.786e-07 -5.018e-10  2.711e-02 -4.675e-03 -1.737e-06  1.734e-09 -5.718e-05  3.129e-07  2.171e-10 -1.138e-04 
  1.148e-06  1.698e-10 -4.675e-03  3.632e-02  5.268e-06 -5.680e-10  1.740e-04 -9.578e-07 -1.550e-09  3.457e-04 
  6.478e-10  1.981e-13 -1.737e-06  5.268e-06  8.414e-04 -6.840e-13 -1.873e-07  1.564e-09 -1.186e-13  3.162e-08 
  1.146e-13 -3.642e-10  1.734e-09 -5.680e-10 -6.840e-13  1.376e+00  5.059e-11  1.434e-12  6.566e-14 -4.137e-11 
  1.076e-07 -1.411e-11 -5.718e-05  1.740e-04 -1.873e-07  5.059e-11  2.669e-04  8.019e-07 -1.406e-10  2.963e-05 
 -4.869e-03 -4.131e-13  3.129e-07 -9.578e-07  1.564e-09  1.434e-12  8.019e-07  5.952e+02 -3.626e-13 -3.605e-06 
 -1.001e-13 -1.898e-14  2.171e-10 -1.550e-09 -1.186e-13  6.566e-14 -1.406e-10 -3.626e-13  8.419e+00 -2.876e-11 
 -3.854e-07  1.206e-11 -1.138e-04  3.457e-04  3.162e-08 -4.137e-11  2.963e-05 -3.605e-06 -2.876e-11  1.094e-04 
 PARAMETER  CORRELATION COEFFICIENTS  
       NO.  GLOBAL      1      2      3      4      5      6      7      8      9     10
        1  0.00013   1.000 -0.000 -0.000  0.000  0.000  0.000  0.000 -0.000 -0.000 -0.000
        2  0.00033  -0.000  1.000 -0.000  0.000  0.000 -0.000 -0.000 -0.000 -0.000  0.000
        3  0.15463  -0.000 -0.000  1.000 -0.149 -0.000  0.000 -0.021  0.000  0.000 -0.066
        4  0.22290   0.000  0.000 -0.149  1.000  0.001 -0.000  0.056 -0.000 -0.000  0.173
        5  0.00108   0.000  0.000 -0.000  0.001  1.000 -0.000 -0.000  0.000 -0.000  0.000
        6  0.00003   0.000 -0.000  0.000 -0.000 -0.000  1.000  0.000  0.000  0.000 -0.000
        7  0.17544   0.000 -0.000 -0.021  0.056 -0.000  0.000  1.000  0.000 -0.000  0.173
        8  0.00012  -0.000 -0.000  0.000 -0.000  0.000  0.000  0.000  1.000 -0.000 -0.000
        9  0.00000  -0.000 -0.000  0.000 -0.000 -0.000  0.000 -0.000 -0.000  1.000 -0.000
       10  0.24171  -0.000  0.000 -0.066  0.173  0.000 -0.000  0.173 -0.000 -0.000  1.000
 **********
 **    7 **SET ERR         0.5
 **********
 **********
 **    8 **SET PRINT           1
 **********
 **********
 **    9 **HESSE        5000
 **********
 MINUIT WARNING IN HESSE   
 ============== Negative diagonal element 6 in Error Matrix
 MINUIT WARNING IN HESSE   
 ============== 1 added to diagonal of error matrix
 COVARIANCE MATRIX CALCULATED SUCCESSFULLY
 FCN=-13.1981 FROM HESSE     STATUS=OK             96 CALLS         338 TOTAL
                     EDM=2.25643e-05    STRATEGY= 2      ERROR MATRIX ACCURATE 
  EXT PARAMETER                                INTERNAL      INTERNAL  
  NO.   NAME      VALUE            ERROR       STEP SIZE       VALUE   
   1  alpha        4.30275e+00   1.36989e+00   1.00599e-02   7.61644e-01
   2  effBkg       2.19306e-10   1.15266e-01   5.20538e-04  -1.57083e+00
                                 WARNING -   - ABOVE PARAMETER IS AT LIMIT.
   3  efficiency   2.33648e-01   1.60526e-01   2.12824e-04  -5.61792e-01
   4  fSigAll      6.77960e-01   1.85337e-01   2.21474e-04   3.63898e-01
   5  lf           4.99988e+00   1.59168e+00   7.33098e-04   1.56373e+00
   6  lp          -4.86041e+00   2.23432e+00   5.00000e-01   4.47554e+00
   7  mean         3.09461e+00   1.62636e-02   8.34285e-05  -5.39042e-02
   8  n            6.46472e+00   2.05274e+01   5.00000e-01  -1.06046e+00
   9  numTot       8.86509e+00   2.87725e+00   6.65695e-06  -3.68930e-01
  10  sigma        3.49125e-02   9.95842e-03   3.15182e-04  -2.57200e-01
                               ERR DEF= 0.5
 EXTERNAL ERROR MATRIX.    NDIM=  25    NPAR= 10    ERR DEF=0.5
  2.650e+00 -7.635e-15 -4.737e-07  1.438e-06  9.866e-10  3.165e-16  1.228e-07 -3.416e-03 -5.618e-08 -4.240e-07 
 -7.635e-15  1.053e-10 -9.108e-11  3.075e-11  4.381e-14  3.722e-12 -2.561e-12 -4.300e-14 -2.282e-16  2.187e-12 
 -4.737e-07 -9.108e-11  2.711e-02 -4.674e-03 -2.222e-06 -3.066e-12 -5.726e-05  3.586e-08  2.220e-08 -1.138e-04 
  1.438e-06  3.075e-11 -4.674e-03  3.632e-02  6.748e-06  6.157e-13  1.740e-04 -1.101e-07 -1.417e-07  3.458e-04 
  9.866e-10  4.381e-14 -2.222e-06  6.748e-06  8.414e-04  1.369e-13 -2.393e-07  1.314e-09 -5.667e-09  4.077e-08 
  3.165e-16  3.722e-12 -3.066e-12  6.157e-13  1.369e-13  1.376e+00 -1.310e-13 -2.020e-13 -8.152e-10 -7.229e-14 
  1.228e-07 -2.561e-12 -5.726e-05  1.740e-04 -2.393e-07 -1.310e-13  2.669e-04  4.589e-07 -2.267e-09  2.957e-05 
 -3.416e-03 -4.300e-14  3.586e-08 -1.101e-07  1.314e-09 -2.020e-13  4.589e-07  5.950e+02 -2.523e-08 -2.010e-06 
 -5.618e-08 -2.282e-16  2.220e-08 -1.417e-07 -5.667e-09 -8.152e-10 -2.267e-09 -2.523e-08  8.419e+00 -7.398e-09 
 -4.240e-07  2.187e-12 -1.138e-04  3.458e-04  4.077e-08 -7.229e-14  2.957e-05 -2.010e-06 -7.398e-09  1.094e-04 
 PARAMETER  CORRELATION COEFFICIENTS  
       NO.  GLOBAL      1      2      3      4      5      6      7      8      9     10
        1  0.00009   1.000 -0.000 -0.000  0.000  0.000  0.000  0.000 -0.000 -0.000 -0.000
        2  0.00006  -0.000  1.000 -0.000  0.000  0.000  0.000 -0.000 -0.000 -0.000  0.000
        3  0.15460  -0.000 -0.000  1.000 -0.149 -0.000 -0.000 -0.021  0.000  0.000 -0.066
        4  0.22291   0.000  0.000 -0.149  1.000  0.001  0.000  0.056 -0.000 -0.000  0.173
        5  0.00138   0.000  0.000 -0.000  0.001  1.000  0.000 -0.001  0.000 -0.000  0.000
        6  0.00000   0.000  0.000 -0.000  0.000  0.000  1.000 -0.000 -0.000 -0.000 -0.000
        7  0.17510   0.000 -0.000 -0.021  0.056 -0.001 -0.000  1.000  0.000 -0.000  0.173
        8  0.00009  -0.000 -0.000  0.000 -0.000  0.000 -0.000  0.000  1.000 -0.000 -0.000
        9  0.00000  -0.000 -0.000  0.000 -0.000 -0.000 -0.000 -0.000 -0.000  1.000 -0.000
       10  0.24150  -0.000  0.000 -0.066  0.173  0.000 -0.000  0.173 -0.000 -0.000  1.000
 **********
 **   10 **MINOS        5000           3
 **********
 MINUIT WARNING IN MIGRAD  
 ============== VARIABLE2 IS AT ITS LOWER ALLOWED LIMIT.
 MINUIT WARNING IN MIGRAD  
 ============== VARIABLE5 IS AT ITS UPPER ALLOWED LIMIT.
 FCN=-13.1981 FROM MINOS     STATUS=SUCCESSFUL    358 CALLS         696 TOTAL
                     EDM=2.25643e-05    STRATEGY= 2      ERROR MATRIX ACCURATE 
  EXT PARAMETER                  PARABOLIC         MINOS ERRORS        
  NO.   NAME      VALUE            ERROR      NEGATIVE      POSITIVE   
   1  alpha        4.30275e+00   1.36989e+00                            
   2  effBkg       2.19306e-10   1.15266e-01                            
                                 WARNING -   - ABOVE PARAMETER IS AT LIMIT.
   3  efficiency   2.33648e-01   1.60526e-01  -1.41141e-01   2.11682e-01
   4  fSigAll      6.77960e-01   1.85337e-01                            
   5  lf           4.99988e+00   1.59168e+00                            
   6  lp          -4.86041e+00   2.23432e+00                            
   7  mean         3.09461e+00   1.62636e-02                            
   8  n            6.46472e+00   2.05274e+01                            
   9  numTot       8.86509e+00   2.87725e+00                            
  10  sigma        3.49125e-02   9.95842e-03                            
                               ERR DEF= 0.5
Fitting bin:  abseta_bin2__pt_bin0__CBPlusExpo
 **********
 **    9 **SET STR           1
 **********
 NOW USING STRATEGY  1: TRY TO BALANCE SPEED AGAINST RELIABILITY
Minuit2Minimizer: Minimize with max-calls 5000 convergence for edm < 1 strategy 1
Minuit2Minimizer : Valid minimum - status = 0
FVAL  = -208958.121851615491
Edm   = 0
Nfcn  = 1
alpha	  = 3.90024	 +/-  0.389266	(limited)
effBkg	  = 0.99493	 +/-  0.0121689	(limited)
efficiency	  = 0.97465	 +/-  0.0269318	(limited)
fSigAll	  = 0.97972	 +/-  0.0241511	(limited)
lf	  = -2	 +/-  0.916515	(limited)
lp	  = -2	 +/-  0.916515	(limited)
mean	  = 3.094	 +/-  0.019964	(limited)
n	  = 1	 +/-  0.465592	(limited)
numTot	  = 21363.3	 +/-  4273.65	(limited)
sigma	  = 0.0451533	 +/-  0.00450624	(limited)
 **********
 **   14 **MIGRAD        5000           1
 **********
 FIRST CALL TO USER FUNCTION AT NEW START POINT, WITH IFLAG=4.
 START MIGRAD MINIMIZATION.  STRATEGY  1.  CONVERGENCE WHEN EDM .LT. 1.00e-03
 FCN=-209000 FROM MIGRAD    STATUS=INITIATE      107 CALLS         108 TOTAL
                     EDM= unknown      STRATEGY= 1      NO ERROR MATRIX       
  EXT PARAMETER               CURRENT GUESS       STEP         FIRST   
  NO.   NAME      VALUE            ERROR          SIZE      DERIVATIVE 
   1  alpha        2.50710e+00   3.89266e-01   0.00000e+00   9.03195e+01
   2  effBkg       9.94930e-01   1.21689e-02   0.00000e+00   5.41975e+01
   3  efficiency   9.74650e-01   2.69318e-02   0.00000e+00  -1.30107e+02
   4  fSigAll      9.79720e-01   2.41511e-02   0.00000e+00   8.75304e+01
   5  lf           4.99950e+00   9.16515e-01   1.96812e+00  -2.46645e-02
   6  lp          -2.00000e+00   9.16515e-01   0.00000e+00  -5.92526e+00
   7  mean         3.09400e+00   1.99640e-02   0.00000e+00  -1.30700e+03
   8  n            1.00000e+00   4.65592e-01   0.00000e+00  -9.63295e-01
   9  numTot       2.13633e+04   4.27365e+03   0.00000e+00  -3.32159e-02
  10  sigma        4.51533e-02   4.50624e-03   0.00000e+00   2.24230e+02
                               ERR DEF= 0.5
 MIGRAD MINIMIZATION HAS CONVERGED.
 MIGRAD WILL VERIFY CONVERGENCE AND ERROR MATRIX.
 COVARIANCE MATRIX CALCULATED SUCCESSFULLY
 FCN=-209069 FROM MIGRAD    STATUS=CONVERGED     826 CALLS         827 TOTAL
                     EDM=8.71424e-05    STRATEGY= 1      ERROR MATRIX ACCURATE 
  EXT PARAMETER                                   STEP         FIRST   
  NO.   NAME      VALUE            ERROR          SIZE      DERIVATIVE 
   1  alpha        1.49336e+00   4.10547e-02   4.85244e-03   1.50872e-01
   2  effBkg       9.39009e-01   1.83662e-02   2.22229e-02   7.36874e-03
   3  efficiency   9.76829e-01   1.11653e-03   2.23736e-03   9.89536e-02
   4  fSigAll      9.74155e-01   3.15064e-03   4.54961e-03  -4.51671e-02
   5  lf           9.38167e-01   1.89559e+00   1.20065e-01  -1.50219e-02
   6  lp          -9.81566e-01   6.71236e-01   3.47426e-02  -2.55765e-02
   7  mean         3.09649e+00   3.37130e-04   1.00208e-03  -2.22968e-01
   8  n            9.99890e+01   5.66086e+01   5.00000e-01  -6.35321e-04
   9  numTot       2.13633e+04   1.46161e+02   2.15971e-03   3.31695e-02
  10  sigma        4.26685e-02   2.97722e-04   3.94326e-03  -8.38147e-03
                               ERR DEF= 0.5
 EXTERNAL ERROR MATRIX.    NDIM=  25    NPAR= 10    ERR DEF=0.5
  1.686e-03  7.766e-05  1.749e-07 -5.880e-05  6.660e-03 -1.369e-02 -3.218e-06  2.269e-02  3.202e-09  2.891e-06 
  7.766e-05  3.380e-04 -5.868e-06 -9.247e-06 -8.237e-03 -1.469e-03 -4.512e-08 -3.359e-03 -6.611e-10 -3.314e-07 
  1.749e-07 -5.868e-06  1.247e-06 -8.828e-08  2.426e-04  3.588e-06 -1.721e-10 -7.545e-06  3.624e-12 -2.685e-09 
 -5.880e-05 -9.247e-06 -8.828e-08  9.928e-06 -6.037e-04  9.307e-04  3.664e-08  2.550e-03  3.888e-10  3.023e-07 
  6.660e-03 -8.237e-03  2.426e-04 -6.037e-04  3.787e+00 -7.521e-02  1.082e-05 -2.661e-01  7.117e-08 -3.632e-06 
 -1.369e-02 -1.469e-03  3.588e-06  9.307e-04 -7.521e-02  4.534e-01 -1.684e-05  5.541e-01  6.870e-08 -5.516e-06 
 -3.218e-06 -4.512e-08 -1.721e-10  3.664e-08  1.082e-05 -1.684e-05  1.137e-07  1.159e-05  1.445e-11 -1.572e-08 
  2.269e-02 -3.359e-03 -7.545e-06  2.550e-03 -2.661e-01  5.541e-01  1.159e-05  3.344e+01  1.919e-06  2.606e-06 
  3.202e-09 -6.611e-10  3.624e-12  3.888e-10  7.117e-08  6.870e-08  1.445e-11  1.919e-06  2.136e+04  3.975e-11 
  2.891e-06 -3.314e-07 -2.685e-09  3.023e-07 -3.632e-06 -5.516e-06 -1.572e-08  2.606e-06  3.975e-11  8.864e-08 
 PARAMETER  CORRELATION COEFFICIENTS  
       NO.  GLOBAL      1      2      3      4      5      6      7      8      9     10
        1  0.71518   1.000  0.103  0.004 -0.455  0.083 -0.495 -0.232  0.096  0.000  0.236
        2  0.40101   0.103  1.000 -0.286 -0.160 -0.230 -0.119 -0.007 -0.032 -0.000 -0.061
        3  0.29709   0.004 -0.286  1.000 -0.025  0.112  0.005 -0.000 -0.001  0.000 -0.008
        4  0.68811  -0.455 -0.160 -0.025  1.000 -0.098  0.439  0.034  0.140  0.000  0.322
        5  0.27843   0.083 -0.230  0.112 -0.098  1.000 -0.057  0.016 -0.024  0.000 -0.006
        6  0.59864  -0.495 -0.119  0.005  0.439 -0.057  1.000 -0.074  0.142  0.000 -0.028
        7  0.33889  -0.232 -0.007 -0.000  0.034  0.016 -0.074  1.000  0.006  0.000 -0.157
        8  0.32271   0.096 -0.032 -0.001  0.140 -0.024  0.142  0.006  1.000  0.000  0.002
        9  0.00000   0.000 -0.000  0.000  0.000  0.000  0.000  0.000  0.000  1.000  0.000
       10  0.55562   0.236 -0.061 -0.008  0.322 -0.006 -0.028 -0.157  0.002  0.000  1.000
Real time 0:00:00, CP time 0.020
Real time 0:00:00, CP time 0.030, 2 slices
 **********
 **   19 **HESSE        5000
 **********
 COVARIANCE MATRIX CALCULATED SUCCESSFULLY
 FCN=-209069 FROM HESSE     STATUS=OK             90 CALLS         917 TOTAL
                     EDM=8.59257e-05    STRATEGY= 1      ERROR MATRIX ACCURATE 
  EXT PARAMETER                                INTERNAL      INTERNAL  
  NO.   NAME      VALUE            ERROR       STEP SIZE       VALUE   
   1  alpha        1.49336e+00   4.07171e-02   1.94097e-04  -5.92582e-01
   2  effBkg       9.39009e-01   1.85650e-02   4.44459e-03   1.07170e+00
   3  efficiency   9.76829e-01   1.11843e-03   8.94943e-05   1.26516e+00
   4  fSigAll      9.74155e-01   3.11532e-03   1.81985e-04   1.24787e+00
   5  lf           9.38167e-01   1.91094e+00   4.80261e-03   2.95284e+00
   6  lp          -9.81566e-01   6.60878e-01   1.38970e-03  -1.97596e-01
   7  mean         3.09649e+00   3.37188e-04   2.00415e-04  -3.51011e-02
   8  n            9.99890e+01   5.66189e+01   5.00000e-01   1.54980e+00
   9  numTot       2.13633e+04   1.46161e+02   8.63884e-05  -2.32437e-04
  10  sigma        4.26685e-02   2.98255e-04   1.57730e-04   1.33824e-01
                               ERR DEF= 0.5
 EXTERNAL ERROR MATRIX.    NDIM=  25    NPAR= 10    ERR DEF=0.5
  1.658e-03  7.593e-05  1.435e-07 -5.585e-05  6.664e-03 -1.299e-02 -3.224e-06  2.536e-02 -3.161e-07  2.930e-06 
  7.593e-05  3.454e-04 -6.041e-06 -9.405e-06 -9.655e-03 -1.396e-03 -5.487e-08 -3.263e-03 -6.320e-08 -3.618e-07 
  1.435e-07 -6.041e-06  1.251e-06 -8.010e-08  2.805e-04  4.103e-06  2.977e-11 -5.322e-06 -2.940e-08 -2.125e-09 
 -5.585e-05 -9.405e-06 -8.010e-08  9.706e-06 -6.317e-04  8.520e-04  3.700e-08  2.379e-03  7.765e-08  3.035e-07 
  6.664e-03 -9.655e-03  2.805e-04 -6.317e-04  3.852e+00 -7.228e-02  1.047e-05 -2.617e-01 -8.081e-06 -5.013e-06 
 -1.299e-02 -1.396e-03  4.103e-06  8.520e-04 -7.228e-02  4.394e-01 -1.696e-05  5.138e-01  2.125e-05 -7.161e-06 
 -3.224e-06 -5.487e-08  2.977e-11  3.700e-08  1.047e-05 -1.696e-05  1.137e-07  9.245e-06 -4.442e-09 -1.580e-08 
  2.536e-02 -3.263e-03 -5.322e-06  2.379e-03 -2.617e-01  5.138e-01  9.245e-06  3.344e+01  5.187e-06  2.329e-06 
 -3.161e-07 -6.320e-08 -2.940e-08  7.765e-08 -8.081e-06  2.125e-05 -4.442e-09  5.187e-06  2.136e+04  9.662e-09 
  2.930e-06 -3.618e-07 -2.125e-09  3.035e-07 -5.013e-06 -7.161e-06 -1.580e-08  2.329e-06  9.662e-09  8.896e-08 
 PARAMETER  CORRELATION COEFFICIENTS  
       NO.  GLOBAL      1      2      3      4      5      6      7      8      9     10
        1  0.70946   1.000  0.100  0.003 -0.440  0.083 -0.481 -0.235  0.108 -0.000  0.241
        2  0.42275   0.100  1.000 -0.291 -0.162 -0.265 -0.113 -0.009 -0.030 -0.000 -0.065
        3  0.30223   0.003 -0.291  1.000 -0.023  0.128  0.006  0.000 -0.001 -0.000 -0.006
        4  0.67933  -0.440 -0.162 -0.023  1.000 -0.103  0.413  0.035  0.132  0.000  0.327
        5  0.31316   0.083 -0.265  0.128 -0.103  1.000 -0.056  0.016 -0.023 -0.000 -0.009
        6  0.58166  -0.481 -0.113  0.006  0.413 -0.056  1.000 -0.076  0.134  0.000 -0.036
        7  0.33935  -0.235 -0.009  0.000  0.035  0.016 -0.076  1.000  0.005 -0.000 -0.157
        8  0.32240   0.108 -0.030 -0.001  0.132 -0.023  0.134  0.005  1.000  0.000  0.001
        9  0.00000  -0.000 -0.000 -0.000  0.000 -0.000  0.000 -0.000  0.000  1.000  0.000
       10  0.55784   0.241 -0.065 -0.006  0.327 -0.009 -0.036 -0.157  0.001  0.000  1.000
Real time 0:00:00, CP time 0.010
Real time 0:00:00, CP time 0.040, 3 slices
[#0] WARNING:InputArguments -- RooAbsPdf::fitTo(simPdf) WARNING: a likelihood fit is request of what appears to be weighted data. 
       While the estimated values of the parameters will always be calculated taking the weights into account, 
       there are multiple ways to estimate the errors on these parameter values. You are advised to make an 
       explicit choice on the error calculation: 
           - Either provide SumW2Error(kTRUE), to calculate a sum-of-weights corrected HESSE error matrix 
             (error will be proportional to the number of events)
           - Or provide SumW2Error(kFALSE), to return errors from original HESSE error matrix
             (which will be proportional to the sum of the weights)
       If you want the errors to reflect the information contained in the provided dataset, choose kTRUE. 
       If you want the errors to reflect the precision you would be able to obtain with an unweighted dataset 
       with 'sum-of-weights' events, choose kFALSE.
 **********
 **   11 **SET PRINT           1
 **********
 **********
 **   12 **SET NOGRAD
 **********
 PARAMETER DEFINITIONS:
    NO.   NAME         VALUE      STEP SIZE      LIMITS
     1 alpha        1.49336e+00  4.07171e-02    5.00000e-01  5.00000e+00
     2 effBkg       9.39009e-01  1.85650e-02    0.00000e+00  1.00000e+00
     3 efficiency   9.76829e-01  1.11843e-03    0.00000e+00  1.00000e+00
     4 fSigAll      9.74155e-01  3.11532e-03    0.00000e+00  1.00000e+00
     5 lf           9.38167e-01  1.91094e+00   -5.00000e+00  5.00000e+00
     6 lp          -9.81566e-01  6.60878e-01   -5.00000e+00  5.00000e+00
     7 mean         3.09649e+00  3.37188e-04    3.00000e+00  3.20000e+00
     8 n            9.99890e+01  5.66189e+01    1.00000e-01  1.00000e+02
 MINUIT WARNING IN PARAMETR
 ============== VARIABLE8 BROUGHT BACK INSIDE LIMITS.
     9 numTot       2.13633e+04  1.46161e+02    0.00000e+00  4.27365e+04
    10 sigma        4.26685e-02  2.98255e-04    2.00000e-02  6.00000e-02
 **********
 **   13 **SET ERR         0.5
 **********
 **********
 **   14 **SET PRINT           1
 **********
 **********
 **   15 **SET STR           2
 **********
 NOW USING STRATEGY  2: MAKE SURE MINIMUM TRUE, ERRORS CORRECT  
 **********
 **   16 **MIGRAD        5000           1
 **********
 FIRST CALL TO USER FUNCTION AT NEW START POINT, WITH IFLAG=4.
 START MIGRAD MINIMIZATION.  STRATEGY  2.  CONVERGENCE WHEN EDM .LT. 1.00e-03
 COVARIANCE MATRIX CALCULATED SUCCESSFULLY
 FCN=-209069 FROM HESSE     STATUS=OK            138 CALLS         139 TOTAL
                     EDM=0.000127999    STRATEGY= 2      ERROR MATRIX ACCURATE 
  EXT PARAMETER                                   STEP         FIRST   
  NO.   NAME      VALUE            ERROR          SIZE      DERIVATIVE 
   1  alpha        1.49336e+00   8.03271e-02   1.55354e-01   1.50979e-01
   2  effBkg       9.39009e-01   1.99509e-02   5.00000e-01   7.37090e-03
   3  efficiency   9.76829e-01   1.20627e-03   7.15990e-02   9.89178e-02
   4  fSigAll      9.74155e-01   6.55652e-03   1.45581e-01  -4.51478e-02
   5  lf           9.38167e-01   2.14993e+00   5.00000e-01   1.50340e-02
   6  lp          -9.81566e-01   1.38463e+00   5.00000e-01  -2.55831e-02
   7  mean         3.09649e+00   3.37747e-04   3.20667e-02  -2.23040e-01
   8  n            9.99890e+01   5.01822e+01   5.00000e-01  -6.35321e-04
   9  numTot       2.13633e+04   1.46161e+02   6.84014e-04   3.32182e-02
  10  sigma        4.26685e-02   2.95534e-04   1.26185e-01  -8.31864e-03
                               ERR DEF= 0.5
 MIGRAD MINIMIZATION HAS CONVERGED.
 MIGRAD WILL VERIFY CONVERGENCE AND ERROR MATRIX.
 COVARIANCE MATRIX CALCULATED SUCCESSFULLY
 FCN=-209069 FROM MIGRAD    STATUS=CONVERGED     256 CALLS         257 TOTAL
                     EDM=4.49129e-05    STRATEGY= 2      ERROR MATRIX ACCURATE 
  EXT PARAMETER                                   STEP         FIRST   
  NO.   NAME      VALUE            ERROR          SIZE      DERIVATIVE 
   1  alpha        1.49318e+00   4.05674e-02   1.46849e-03   6.86078e-02
   2  effBkg       9.39023e-01   1.85675e-02   2.25190e-02   3.26657e-02
   3  efficiency   9.76828e-01   1.11898e-03   6.29632e-04   5.41348e-02
   4  fSigAll      9.74169e-01   3.09838e-03   1.29616e-03   9.95680e-02
   5  lf           9.38540e-01   1.91965e+00   3.55356e-02   1.26031e-02
   6  lp          -9.78344e-01   6.58455e-01   1.03719e-02  -1.75737e-03
   7  mean         3.09649e+00   3.37065e-04   1.00319e-03  -1.43205e-01
   8  n            9.99974e+01   5.32913e+01   2.00000e-01  -3.06154e-04
   9  numTot       2.13633e+04   1.46161e+02   2.73606e-04   2.78028e-02
  10  sigma        4.26686e-02   2.98051e-04   2.23335e-04   6.11307e-03
